0 0 0 0 0 0 0 0 0 0 0 0 0 0 0 0 0 0 0 0 0 0 0 0 0 0 0 0 0 0 0 0 0 0 0 0 0 0 0 0 0 0 0 0 0 0 0 0 0 0 0 0 0 0 0 0 0 0 0 0 0 0 0 0 0 0 0 0 0 0 0 0 0 0 0 0 0 0 0 0 0 0 0 0 0 0 0 0 0 0 0 0 0 0 0 0 0 0 0 0 
0 0 0 0 0 0 0 0 0 0 0 0 0 0 0 0 0 0 0 0 0 0 0 0 0 0 0 0 0 0 0 0 0 0 0 0 0 0 0 0 0 0 0 0 0 0 0 0 0 0 0 0 0 0 0 0 0 0 0 0 0 0 0 0 0 0 0 0 0 0 0 0 0 0 0 0 0 0 0 0 0 0 0 0 0 0 0 0 0 0 0 0 0 0 0 0 0 0 0 0 
0 0 0 0 0 0 0 0 0 0 0 0 0 0 0 0 0 0 0 0 0 0 0 0 0 0 0 0 0 0 0 0 0 0 0 0 0 0 0 0 0 0 0 0 0 0 0 0 0 0 0 0 0 0 0 0 0 0 0 0 0 0 0 0 0 0 0 0 0 0 0 0 0 0 0 0 0 0 0 0 0 0 0 0 0 0 0 0 0 0 0 0 0 0 0 0 0 0 0 0 
0 0 0 0 0 0 0 0 0 0 0 0 0 0 0 0 0 0 0 0 0 0 0 0 0 0 0 0 0 0 0 0 0 0 0 0 0 0 0 0 0 0 0 0 0 0 0 0 0 0 0 0 0 0 0 0 0 0 0 0 0 0 0 0 0 0 0 0 0 0 0 0 0 0 0 0 0 0 0 0 0 0 0 0 0 0 0 0 0 0 0 0 0 0 0 0 0 0 0 0 
0 0 0 0 0 0 0 0 0 0 0 0 0 0 0 0 0 0 0 0 0 0 0 0 0 0 0 0 0 0 0 0 0 0 0 0 0 0 0 0 0 0 0 0 0 0 0 0 0 0 0 0 0 0 0 0 0 0 0 0 0 0 0 0 0 0 0 0 0 0 0 0 0 0 0 0 0 0 0 0 0 0 0 0 0 0 0 0 0 0 0 0 0 0 0 0 0 0 0 0 
0 0 0 0 0 0 0 0 0 0 0 0 0 0 0 0 0 0 0 0 0 0 0 0 0 0 0 0 0 0 0 0 0 0 0 0 0 0 0 0 0 0 0 0 0 0 0 0 0 0 0 0 0 0 0 0 0 0 0 0 0 0 0 0 0 0 0 0 0 0 0 0 0 0 0 0 0 0 0 0 0 0 0 0 0 0 0 0 0 0 0 0 0 0 0 0 0 0 0 0 
0 0 0 0 0 0 0 0 0 0 0 0 0 0 0 0 0 0 0 0 0 0 0 0 0 0 0 0 0 0 0 0 0 0 0 0 0 0 0 0 0 0 0 0 0 0 0 0 0 0 0 0 0 0 0 0 0 0 0 0 0 0 0 0 0 0 0 0 0 0 0 0 0 0 0 0 0 0 0 0 0 0 0 0 0 0 0 0 0 0 0 0 0 0 0 0 0 0 0 0 
0 0 0 0 0 0 0 0 0 0 0 0 0 0 0 0 0 0 0 0 0 0 0 0 0 0 0 0 0 0 0 0 0 0 0 0 0 0 0 0 0 0 0 0 0 0 0 0 0 0 0 0 0 0 0 0 0 0 0 0 0 0 0 0 0 0 0 0 0 0 0 0 0 0 0 0 0 0 0 0 0 0 0 0 0 0 0 0 0 0 0 0 0 0 0 0 0 0 0 0 
0 0 0 0 0 0 0 0 0 0 0 0 0 0 0 0 0 0 0 0 0 0 0 0 0 0 0 0 0 0 0 0 0 0 0 0 0 0 0 0 0 0 0 0 0 0 0 0 0 0 0 0 0 0 0 0 0 0 0 0 0 0 0 0 0 0 0 0 0 0 0 0 0 0 0 0 0 0 0 0 0 0 0 0 0 0 0 0 0 0 0 0 0 0 0 0 0 0 0 0 
0 0 0 0 0 0 0 0 0 0 0 0 0 0 0 0 0 0 0 0 0 0 0 0 0 0 0 0 0 0 0 0 0 0 0 0 0 0 0 0 0 0 0 0 0 0 0 0 0 0 0 0 0 0 0 0 0 0 0 0 0 0 0 0 0 0 0 0 0 0 0 0 0 0 0 0 0 0 0 0 0 0 0 0 0 0 0 0 0 0 0 0 0 0 0 0 0 0 0 0 
0 0 0 0 0 0 0 0 0 0 0 0 0 0 0 0 0 0 0 0 0 0 0 0 0 0 0 0 0 0 0 0 0 0 0 0 0 0 0 0 0 0 0 0 0 0 0 0 0 0 0 0 0 0 0 0 0 0 0 0 0 0 0 0 0 0 0 0 0 0 0 0 0 0 0 0 0 0 0 0 0 0 0 0 0 0 0 0 0 0 0 0 0 0 0 0 0 0 0 0 
0 0 0 0 0 0 0 0 0 0 0 0 0 0 0 0 0 0 0 0 0 0 0 0 0 0 0 0 0 0 0 0 0 0 0 0 0 0 0 0 0 0 0 0 0 0 0 0 0 0 0 0 0 0 0 0 0 0 0 0 0 0 0 0 0 0 0 0 0 0 0 0 0 0 0 0 0 0 0 0 0 0 0 0 0 0 0 0 0 0 0 0 0 0 0 0 0 0 0 0 
0 0 0 0 0 0 0 0 0 0 0 0 0 0 0 0 0 0 0 0 0 0 0 0 0 0 0 0 0 0 0 0 0 0 0 0 0 0 0 0 0 0 0 0 0 0 0 0 0 0 0 0 0 0 0 0 0 0 0 0 0 0 0 0 0 0 0 0 0 0 0 0 0 0 0 0 0 0 0 0 0 0 0 0 0 0 0 0 0 0 0 0 0 0 0 0 0 0 0 0 
0 0 0 0 0 0 0 0 0 0 0 0 0 0 0 0 0 0 0 0 0 0 0 0 0 0 0 0 0 0 0 0 0 0 0 0 0 0 0 0 0 0 0 0 0 0 0 0 0 0 0 0 0 0 0 0 0 0 0 0 0 0 0 0 0 0 0 0 0 0 0 0 0 0 0 0 0 0 0 0 0 0 0 0 0 0 0 0 0 0 0 0 0 0 0 0 0 0 0 0 
0 0 0 0 0 0 0 0 0 0 0 0 0 0 0 0 0 0 0 0 0 0 0 0 0 0 0 0 0 0 0 0 0 0 0 0 0 0 0 0 0 0 0 0 0 0 0 0 0 0 0 0 0 0 0 0 0 0 0 0 0 0 0 0 0 0 0 0 0 0 0 0 0 0 0 0 0 0 0 0 0 0 0 0 0 0 0 0 0 0 0 0 0 0 0 0 0 0 0 0 
0 0 0 0 0 0 0 0 0 0 0 0 0 0 0 0 0 0 0 0 0 0 0 0 0 0 0 0 0 0 0 0 0 0 0 0 0 0 0 0 0 0 0 0 0 0 0 0 0 0 0 0 0 0 0 0 0 0 0 0 0 0 0 0 0 0 0 0 0 0 0 0 0 0 0 0 0 0 0 0 0 0 0 0 0 0 0 0 0 0 0 0 0 0 0 0 0 0 0 0 
0 0 0 0 0 0 0 0 0 0 0 0 0 0 0 0 0 0 0 0 0 0 0 0 0 0 0 0 0 0 0 0 0 0 0 0 0 0 0 0 0 0 0 0 0 0 0 0 0 0 0 0 0 0 0 0 0 0 0 0 0 0 0 0 0 0 0 0 0 0 0 0 0 0 0 0 0 0 0 0 0 0 0 0 0 0 0 0 0 0 0 0 0 0 0 0 0 0 0 0 
0 0 0 0 0 0 0 0 0 0 0 0 0 0 0 0 0 0 0 0 0 0 0 0 0 0 0 0 0 0 0 0 0 0 0 0 0 0 0 0 0 0 0 0 0 0 0 0 0 0 0 0 0 0 0 0 0 0 0 0 0 0 0 0 0 0 0 0 0 0 0 0 0 0 0 0 0 0 0 0 0 0 0 0 0 0 0 0 0 0 0 0 0 0 0 0 0 0 0 0 
0 0 0 0 0 0 0 0 0 0 0 0 0 0 0 0 0 0 0 0 0 0 0 0 0 0 0 0 0 0 0 0 0 0 0 0 0 0 0 0 0 0 0 0 0 0 0 0 0 0 0 0 0 0 0 0 0 0 0 0 0 0 0 0 0 0 0 0 0 0 0 0 0 0 0 0 0 0 0 0 0 0 0 0 0 0 0 0 0 0 0 0 0 0 0 0 0 0 0 0 
0 0 0 0 0 0 0 0 0 0 0 0 0 0 0 0 0 0 0 0 0 0 0 0 0 0 0 0 0 0 0 0 0 0 0 0 0 0 0 0 0 0 0 0 0 0 0 0 0 0 0 0 0 0 0 0 0 0 0 0 0 0 0 0 0 0 0 0 0 0 0 0 0 0 0 0 0 0 0 0 0 0 0 0 0 0 0 0 0 0 0 0 0 0 0 0 0 0 0 0 
0 0 0 0 0 0 0 0 0 0 0 0 0 0 0 0 0 0 0 0 0 0 0 0 0 0 0 0 0 0 0 0 0 0 0 0 0 0 0 0 0 0 0 0 0 0 0 0 0 0 0 0 0 0 0 0 0 0 0 0 0 0 0 0 0 0 0 0 0 0 0 0 0 0 0 0 0 0 0 0 0 0 0 0 0 0 0 0 0 0 0 0 0 0 0 0 0 0 0 0 
0 0 0 0 0 0 0 0 0 0 0 0 0 0 0 0 0 0 0 0 0 0 0 0 0 0 0 0 0 0 0 0 0 0 0 0 0 0 0 0 0 0 0 0 0 0 0 0 0 0 0 0 0 0 0 0 0 0 0 0 0 0 0 0 0 0 0 0 0 0 0 0 0 0 0 0 0 0 0 0 0 0 0 0 0 0 0 0 0 0 0 0 0 0 0 0 0 0 0 0 
0 0 0 0 0 0 0 0 0 0 0 0 0 0 0 0 0 0 0 0 0 0 0 0 0 0 0 0 0 0 0 0 0 0 0 0 0 0 0 0 0 0 0 0 0 0 0 0 0 0 0 0 0 0 0 0 0 0 0 0 0 0 0 0 0 0 0 0 0 0 0 0 0 0 0 0 0 0 0 0 0 0 0 0 0 0 0 0 0 0 0 0 0 0 0 0 0 0 0 0 
0 0 0 0 0 0 0 0 0 0 0 0 0 0 0 0 0 0 0 0 0 0 0 0 0 0 0 0 0 0 0 0 0 0 0 0 0 0 0 0 0 0 0 0 0 0 0 0 0 0 0 0 0 0 0 0 0 0 0 0 0 0 0 0 0 0 0 0 0 0 0 0 0 0 0 0 0 0 0 0 0 0 0 0 0 0 0 0 0 0 0 0 0 0 0 0 0 0 0 0 
0 0 0 0 0 0 0 0 0 0 0 0 0 0 0 0 0 0 0 0 0 0 0 0 0 0 0 0 0 0 0 0 0 0 0 0 0 0 0 0 0 0 0 0 0 0 0 0 0 0 0 0 0 0 0 0 0 0 0 0 0 0 0 0 0 0 0 0 0 0 0 0 0 0 0 0 0 0 0 0 0 0 0 0 0 0 0 0 0 0 0 0 0 0 0 0 0 0 0 0 
0 0 0 0 0 0 0 0 0 0 0 0 0 0 0 0 0 0 0 0 0 0 0 0 0 0 0 0 0 0 0 0 0 0 0 0 0 0 0 0 0 0 0 0 0 0 0 0 0 0 0 0 0 0 0 0 0 0 0 0 0 0 0 0 0 0 0 0 0 0 0 0 0 0 0 0 0 0 0 0 0 0 0 0 0 0 0 0 0 0 0 0 0 0 0 0 0 0 0 0 
0 0 0 0 0 0 0 0 0 0 0 0 0 0 0 0 0 0 0 0 0 0 0 0 0 0 0 0 0 0 0 0 0 0 0 0 0 0 0 0 0 0 0 0 0 0 0 0 0 0 0 0 0 0 0 0 0 0 0 0 0 0 0 0 0 0 0 0 0 0 0 0 0 0 0 0 0 0 0 0 0 0 0 0 0 0 0 0 0 0 0 0 0 0 0 0 0 0 0 0 
0 0 0 0 0 0 0 0 0 0 0 0 0 0 0 0 0 0 0 0 0 0 0 0 0 0 0 0 0 0 0 0 0 0 0 0 0 0 0 0 0 0 0 0 0 0 0 0 0 0 0 0 0 0 0 0 0 0 0 0 0 0 0 0 0 0 0 0 0 0 0 0 0 0 0 0 0 0 0 0 0 0 0 0 0 0 0 0 0 0 0 0 0 0 0 0 0 0 0 0 
0 0 0 0 0 0 0 0 0 0 0 0 0 0 0 0 0 0 0 0 0 0 0 0 0 0 0 0 0 0 0 0 0 0 0 0 0 0 0 0 0 0 0 0 0 0 0 0 0 0 0 0 0 0 0 0 0 0 0 0 0 0 0 0 0 0 0 0 0 0 0 0 0 0 0 0 0 0 0 0 0 0 0 0 0 0 0 0 0 0 0 0 0 0 0 0 0 0 0 0 
0 0 0 0 0 0 0 0 0 0 0 0 0 0 0 0 0 0 0 0 0 0 0 0 0 0 0 0 0 0 0 0 0 0 0 0 0 0 0 0 0 0 0 0 0 0 0 0 0 0 0 0 0 0 0 0 0 0 0 0 0 0 0 0 0 0 0 0 0 0 0 0 0 0 0 0 0 0 0 0 0 0 0 0 0 0 0 0 0 0 0 0 0 0 0 0 0 0 0 0 
0 0.141176 0.145098 0.286275 0.141176 0 0 0 0 0.141176 0.145098 0.286275 0.427451 0.431373 0.431373 0.427451 0.427451 0.427451 0.427451 0.427451 0.286275 0.286275 0.141176 0.141176 0 0 0 0 0 0 0 0 0 0 0 0 0 0 0 0 0 0 0 0 0 0 0 0 0 0 0 0 0 0 0 0 0 0 0 0 0 0 0 0 0 0 0 0 0 0 0 0 0 0 0 0 0 0 0 0 0 0 0 0 0 0 0 0 0 0 0 0 0 0 0 0 0 0 0 0 
0.717647 0.858824 0.858824 0.858824 0.858824 0.717647 0.717647 0.717647 0.858824 0.858824 0.858824 0.858824 1 1 1 1 1 1 1 1 0.858824 0.858824 0.858824 0.858824 0.717647 0.713725 0.572549 0.431373 0.427451 0.286275 0.145098 0 0 0 0 0 0 0 0 0 0 0 0 0 0 0 0 0 0 0 0 0 0 0 0 0 0 0 0 0 0 0 0 0 0 0 0 0 0 0 0 0 0 0 0 0 0 0 0 0 0 0 0 0 0 0 0 0 0 0 0 0 0 0 0 0 0 0 0 0 
1 1 1 1 1 1 1 1 0.858824 0.858824 0.858824 0.858824 0.858824 0.858824 0.858824 0.858824 0.858824 0.858824 0.858824 0.858824 0.858824 0.858824 0.858824 0.858824 0.858824 0.858824 1 1 1 1 0.858824 0.858824 0.717647 0.572549 0.427451 0.145098 0 0 0 0 0 0 0 0 0 0 0 0 0 0 0 0 0 0 0 0 0 0 0 0 0 0 0 0 0 0 0 0 0 0 0 0 0 0 0 0 0 0 0 0 0 0 0 0 0 0 0 0 0 0 0 0 0 0 0 0 0 0 0 0 
1 1 1 1 1 0.858824 0.858824 0.858824 0.858824 0.858824 0.858824 0.858824 0.858824 0.858824 0.858824 0.858824 0.858824 0.858824 0.858824 0.858824 0.858824 0.858824 0.858824 0.858824 0.858824 0.858824 0.858824 0.858824 0.858824 0.858824 1 1 1 1 1 1 0.717647 0.286275 0 0 0 0 0 0 0 0 0 0 0 0 0 0 0 0 0 0 0 0 0 0 0 0 0 0 0 0 0 0 0 0 0 0 0 0 0 0 0 0 0 0 0 0 0 0 0 0 0 0 0 0 0 0 0 0 0 0 0 0 0 0 
1 1 1 0.858824 0.858824 0.858824 0.858824 0.858824 0.858824 0.858824 0.858824 0.858824 0.858824 0.858824 0.858824 0.858824 0.858824 0.858824 0.858824 0.858824 0.858824 0.858824 0.858824 0.858824 0.858824 0.858824 0.858824 0.858824 0.858824 0.858824 0.858824 0.858824 0.858824 0.858824 0.858824 0.858824 1 1 0.713725 0.286275 0 0 0 0 0 0 0 0 0 0 0 0 0 0 0 0 0 0 0 0 0 0 0 0 0 0 0 0 0 0 0 0 0 0 0 0 0 0 0 0 0 0 0 0 0 0 0 0 0 0 0 0 0 0 0 0 0 0 0 0 
1 1 0.858824 0.858824 0.858824 0.858824 0.858824 0.858824 0.858824 0.858824 0.858824 0.858824 0.858824 0.858824 0.858824 0.858824 0.858824 0.858824 0.858824 0.858824 0.858824 0.858824 0.858824 0.858824 0.858824 0.858824 0.858824 0.858824 0.858824 0.858824 0.858824 0.858824 0.858824 0.858824 0.858824 0.858824 0.858824 0.858824 0.858824 0.858824 0.572549 0 0 0 0 0 0 0 0 0 0 0 0 0 0 0 0 0 0 0 0 0 0 0 0 0 0 0 0 0 0 0 0 0 0 0 0 0 0 0 0 0 0 0 0 0 0 0 0 0 0 0 0 0 0 0 0 0 0 0 
1 0.858824 0.858824 0.858824 0.858824 0.858824 0.858824 0.858824 0.858824 0.858824 0.858824 0.858824 0.858824 0.858824 0.858824 0.858824 0.858824 0.858824 0.858824 0.858824 0.858824 0.858824 0.858824 0.858824 0.858824 0.858824 0.858824 0.858824 0.858824 0.858824 0.858824 0.858824 0.858824 0.858824 0.858824 0.858824 0.858824 0.858824 0.858824 0.858824 0.858824 0.717647 0.145098 0 0 0 0 0 0 0 0 0 0 0 0 0 0 0 0 0 0 0 0 0 0 0 0 0 0 0 0 0 0 0 0 0 0 0 0 0 0 0 0 0 0 0 0 0 0 0 0 0 0 0 0 0 0 0 0 0 
1 0.858824 0.858824 0.858824 0.858824 0.858824 0.858824 0.858824 0.858824 0.858824 0.858824 0.858824 0.858824 0.858824 0.858824 0.858824 0.858824 0.858824 0.858824 0.858824 0.858824 0.858824 0.858824 0.858824 0.858824 0.858824 0.858824 0.858824 0.858824 0.858824 0.858824 0.858824 0.858824 0.858824 0.858824 1 1 1 0.858824 0.858824 0.858824 0.858824 0.858824 0.286275 0 0 0 0 0 0 0 0 0 0 0 0 0 0 0 0 0 0 0 0 0 0 0 0 0 0 0 0 0 0 0 0 0 0 0 0 0 0 0 0 0 0 0 0 0 0 0 0 0 0 0 0 0 0 0 0 
0.858824 0.858824 0.858824 0.858824 0.858824 0.858824 0.858824 0.858824 0.858824 0.858824 0.858824 0.858824 0.858824 0.858824 0.858824 0.858824 0.858824 0.858824 0.858824 0.858824 0.858824 0.858824 0.858824 0.858824 0.858824 0.858824 0.858824 0.858824 0.858824 0.858824 0.858824 0.858824 0.858824 0.858824 0.858824 1 1 1 1 0.858824 0.858824 0.858824 0.858824 0.858824 0.431373 0 0 0 0 0 0 0 0 0 0 0 0 0 0 0 0 0 0 0 0 0 0 0 0 0 0 0 0 0 0 0 0 0 0 0 0 0 0 0 0 0 0 0 0 0 0 0 0 0 0 0 0 0 0 0 
0.858824 0.858824 0.858824 0.858824 0.858824 0.858824 0.858824 0.858824 0.858824 0.858824 0.858824 0.858824 0.858824 0.858824 0.858824 0.858824 0.858824 0.858824 0.858824 0.858824 0.858824 0.858824 0.858824 0.858824 0.858824 0.858824 0.858824 0.858824 0.858824 0.858824 0.858824 0.858824 0.858824 0.858824 1 1 1 1 1 0.858824 0.858824 0.858824 0.858824 0.858824 1 0.572549 0 0 0 0 0 0 0 0 0 0 0 0 0 0 0 0 0 0 0 0 0 0 0 0 0 0 0 0 0 0 0 0 0 0 0 0 0 0 0 0 0 0 0 0 0 0 0 0 0 0 0 0 0 0 
0.858824 0.858824 0.858824 0.858824 0.858824 0.858824 0.858824 0.858824 0.858824 0.858824 0.858824 0.858824 0.858824 0.858824 0.858824 0.858824 0.858824 0.858824 0.858824 0.858824 0.858824 0.858824 0.858824 0.858824 0.858824 0.858824 0.858824 0.858824 0.858824 0.858824 0.858824 0.858824 0.858824 0.858824 1 1 1 0.858824 0.858824 0.858824 0.858824 0.858824 0.858824 0.858824 0.858824 1 0.431373 0 0 0 0 0 0 0 0 0 0 0 0 0 0 0 0 0 0 0 0 0 0 0 0 0 0 0 0 0 0 0 0 0 0 0 0 0 0 0 0 0 0 0 0 0 0 0 0 0 0 0 0 0 
0.858824 0.858824 0.858824 0.858824 0.858824 0.858824 0.858824 0.858824 0.858824 0.858824 0.858824 0.858824 0.858824 0.858824 0.858824 0.858824 0.858824 0.858824 0.858824 0.858824 0.858824 0.858824 0.858824 0.858824 0.858824 0.858824 0.858824 0.858824 0.858824 0.858824 0.858824 0.858824 0.858824 0.858824 0.858824 0.858824 0.858824 0.858824 0.858824 0.858824 0.858824 0.858824 0.858824 0.858824 0.858824 0.858824 0.858824 0.286275 0 0 0 0 0 0 0 0 0 0 0 0 0 0 0 0 0 0 0 0 0 0 0 0 0 0 0 0 0 0 0 0 0 0 0 0 0 0 0 0 0 0 0 0 0 0 0 0 0 0 0 0 
0.858824 0.858824 0.858824 0.858824 0.858824 0.858824 0.858824 0.858824 0.858824 0.858824 0.858824 0.858824 0.858824 0.858824 0.858824 0.858824 0.858824 0.858824 0.858824 0.858824 0.858824 0.858824 0.858824 0.858824 0.858824 0.858824 0.858824 0.858824 0.858824 0.717647 0.858824 0.858824 0.858824 0.858824 0.858824 0.858824 0.858824 0.858824 0.858824 0.858824 0.858824 0.858824 0.858824 0.858824 0.858824 0.858824 0.858824 0.858824 0.141176 0 0 0 0 0 0 0 0 0 0 0 0 0 0 0 0 0 0 0 0 0 0 0 0 0 0 0 0 0 0 0 0 0 0 0 0 0 0 0 0 0 0 0 0 0 0 0 0 0 0 0 
0.858824 0.858824 0.858824 0.858824 0.858824 0.858824 0.858824 0.858824 0.858824 0.858824 0.858824 0.858824 0.858824 0.858824 0.858824 0.858824 0.858824 0.858824 0.858824 0.858824 0.858824 0.858824 0.858824 0.858824 0.858824 0.858824 0.858824 0.858824 0.717647 0.717647 0.858824 0.858824 0.858824 1 0.858824 0.858824 0.858824 0.858824 0.858824 0.858824 0.858824 0.858824 0.858824 0.858824 0.858824 0.858824 0.858824 0.858824 0.572549 0 0 0 0 0 0 0 0 0 0 0 0 0 0 0 0 0 0 0 0 0 0 0 0 0 0 0 0 0 0 0 0 0 0 0 0 0 0 0 0 0 0 0 0 0 0 0 0 0 0 0 
0.858824 0.858824 0.858824 0.858824 0.858824 0.858824 0.858824 0.858824 0.858824 0.858824 0.858824 0.858824 0.858824 0.858824 0.858824 0.858824 0.858824 0.858824 0.858824 0.858824 0.858824 0.858824 0.858824 0.858824 0.858824 0.858824 0.858824 0.717647 0.717647 0.717647 0.717647 0.858824 0.858824 1 1 1 0.858824 0.858824 0.858824 0.858824 0.858824 0.858824 0.858824 0.858824 0.858824 0.858824 0.858824 0.858824 0.713725 0 0 0 0 0 0 0 0 0 0 0 0 0 0 0 0 0 0 0 0 0 0 0 0 0 0 0 0 0 0 0 0 0 0 0 0 0 0 0 0 0 0 0 0 0 0 0 0 0 0 0 
0.858824 0.858824 0.858824 0.858824 0.858824 0.858824 0.858824 0.858824 0.858824 0.717647 0.858824 0.858824 0.858824 0.858824 0.858824 0.858824 0.858824 0.858824 0.858824 0.858824 0.858824 0.858824 0.858824 0.858824 0.858824 0.858824 0.858824 0.858824 0.717647 0.717647 0.717647 0.717647 0.858824 0.858824 1 1 1 1 0.858824 0.858824 0.717647 0.858824 0.858824 0.858824 0.858824 0.858824 0.858824 0.858824 0.858824 0.145098 0 0 0 0 0 0 0 0 0 0 0 0 0 0 0 0 0 0 0 0 0 0 0 0 0 0 0 0 0 0 0 0 0 0 0 0 0 0 0 0 0 0 0 0 0 0 0 0 0 0 
0.858824 0.717647 0.858824 0.858824 0.717647 0.717647 0.717647 0.717647 0.717647 0.717647 0.717647 0.717647 0.717647 0.717647 0.717647 0.717647 0.717647 0.717647 0.717647 0.858824 0.858824 0.717647 0.858824 0.858824 0.858824 0.858824 0.858824 0.858824 0.717647 0.717647 0.717647 0.858824 0.858824 0.858824 0.858824 1 1 1 1 0.858824 0.717647 0.858824 0.858824 0.858824 0.858824 0.858824 0.858824 0.858824 0.858824 0.713725 0 0 0 0 0 0 0 0 0 0 0 0 0 0 0 0 0 0 0 0 0 0 0 0 0 0 0 0 0 0 0 0 0 0 0 0 0 0 0 0 0 0 0 0 0 0 0 0 0 0 
0.717647 0.717647 0.717647 0.717647 0.717647 0.717647 0.717647 0.717647 0.717647 0.717647 0.717647 0.717647 0.717647 0.717647 0.717647 0.717647 0.717647 0.717647 0.717647 0.717647 0.717647 0.717647 0.717647 0.717647 0.717647 0.717647 0.717647 0.717647 0.717647 0.717647 0.717647 0.717647 0.717647 0.858824 0.858824 0.858824 0.858824 1 1 0.858824 0.858824 0.858824 0.858824 0.858824 0.858824 0.858824 0.858824 0.858824 0.858824 0.858824 0.286275 0 0 0 0 0 0 0 0 0 0 0 0 0 0 0 0 0 0 0 0 0 0 0 0 0 0 0 0 0 0 0 0 0 0 0 0 0 0 0 0 0 0 0 0 0 0 0 0 0 
0.717647 0.717647 0.717647 0.717647 0.717647 0.717647 0.717647 0.717647 0.717647 0.717647 0.717647 0.717647 0.717647 0.717647 0.717647 0.717647 0.717647 0.717647 0.717647 0.717647 0.717647 0.717647 0.717647 0.717647 0.717647 0.717647 0.717647 0.717647 0.717647 0.717647 0.717647 0.717647 0.717647 0.717647 0.717647 0.717647 0.858824 0.858824 0.858824 0.858824 0.858824 0.858824 0.858824 0.858824 1 1 1 1 0.858824 0.858824 0.717647 0.141176 0 0 0 0 0 0 0 0 0 0 0 0 0 0 0 0 0 0 0 0 0 0 0 0 0 0 0 0 0 0 0 0 0 0 0 0 0 0 0 0 0 0 0 0 0 0 0 0 
0.717647 0.717647 0.717647 0.717647 0.717647 0.717647 0.717647 0.717647 0.717647 0.717647 0.717647 0.717647 0.717647 0.717647 0.717647 0.717647 0.713725 0.713725 0.713725 0.713725 0.717647 0.717647 0.717647 0.717647 0.717647 0.717647 0.717647 0.717647 0.717647 0.717647 0.717647 0.717647 0.717647 0.717647 0.717647 0.717647 0.717647 0.858824 0.858824 0.858824 0.858824 0.858824 0.858824 0.858824 1 1 1 1 1 0.858824 0.858824 0.717647 0.145098 0 0 0 0 0 0 0 0 0 0 0 0 0 0 0 0 0 0 0 0 0 0 0 0 0 0 0 0 0 0 0 0 0 0 0 0 0 0 0 0 0 0 0 0 0 0 0 
0.713725 0.717647 0.713725 0.713725 0.713725 0.713725 0.713725 0.713725 0.713725 0.713725 0.713725 0.713725 0.713725 0.713725 0.713725 0.713725 0.713725 0.713725 0.713725 0.713725 0.713725 0.717647 0.717647 0.717647 0.717647 0.717647 0.717647 0.717647 0.717647 0.717647 0.717647 0.717647 0.717647 0.858824 0.858824 0.858824 0.858824 0.858824 0.717647 0.717647 0.717647 0.858824 0.858824 0.858824 0.858824 0.858824 1 1 1 0.858824 0.858824 0.858824 0.858824 0.145098 0 0 0 0 0 0 0 0 0 0 0 0 0 0 0 0 0 0 0 0 0 0 0 0 0 0 0 0 0 0 0 0 0 0 0 0 0 0 0 0 0 0 0 0 0 0 
0.713725 0.713725 0.713725 0.713725 0.713725 0.713725 0.713725 0.713725 0.713725 0.713725 0.713725 0.713725 0.713725 0.713725 0.713725 0.713725 0.713725 0.713725 0.713725 0.713725 0.713725 0.713725 0.717647 0.717647 0.717647 0.717647 0.717647 0.717647 0.717647 0.717647 0.717647 0.717647 0.717647 0.858824 0.858824 0.858824 0.858824 0.858824 0.858824 0.717647 0.858824 0.858824 0.858824 0.858824 0.858824 0.858824 0.858824 0.858824 0.858824 0.858824 0.858824 0.858824 0.858824 0.858824 0.141176 0 0 0 0 0 0 0 0 0 0 0 0 0 0 0 0 0 0 0 0 0 0 0 0 0 0 0 0 0 0 0 0 0 0 0 0 0 0 0 0 0 0 0 0 0 
0.713725 0.713725 0.713725 0.713725 0.713725 0.713725 0.713725 0.713725 0.713725 0.713725 0.713725 0.713725 0.713725 0.713725 0.713725 0.713725 0.713725 0.713725 0.713725 0.713725 0.713725 0.713725 0.717647 0.717647 0.717647 0.717647 0.717647 0.717647 0.717647 0.717647 0.717647 0.717647 0.858824 0.858824 0.858824 0.858824 0.858824 0.858824 0.858824 0.858824 0.858824 0.858824 0.858824 0.858824 0.858824 0.858824 0.858824 0.858824 0.858824 0.858824 0.858824 0.858824 0.858824 0.858824 0.713725 0 0 0 0 0 0 0 0 0 0 0 0 0 0 0 0 0 0 0 0 0 0 0 0 0 0 0 0 0 0 0 0 0 0 0 0 0 0 0 0 0 0 0 0 0 
0.713725 0.713725 0.713725 0.713725 0.713725 0.713725 0.713725 0.713725 0.713725 0.713725 0.713725 0.713725 0.713725 0.713725 0.713725 0.713725 0.713725 0.713725 0.713725 0.713725 0.713725 0.713725 0.713725 0.717647 0.717647 0.717647 0.717647 0.717647 0.717647 0.717647 0.717647 0.717647 0.858824 0.858824 0.858824 0.858824 1 1 0.858824 0.858824 0.858824 0.858824 0.858824 0.858824 0.858824 0.858824 0.858824 0.858824 0.858824 0.858824 0.858824 0.858824 0.858824 0.858824 0.858824 0.286275 0 0 0 0 0 0 0 0 0 0 0 0 0 0 0 0 0 0 0 0 0 0 0 0 0 0 0 0 0 0 0 0 0 0 0 0 0 0 0 0 0 0 0 0 
0.572549 0.713725 0.713725 0.713725 0.572549 0.713725 0.713725 0.713725 0.713725 0.713725 0.713725 0.713725 0.713725 0.713725 0.713725 0.713725 0.713725 0.713725 0.713725 0.713725 0.713725 0.713725 0.713725 0.713725 0.717647 0.717647 0.717647 0.717647 0.717647 0.717647 0.717647 0.717647 0.717647 0.858824 0.858824 0.858824 1 1 1 0.858824 0.858824 0.858824 0.858824 0.858824 0.858824 0.858824 0.858824 0.858824 0.858824 0.858824 0.858824 0.858824 0.858824 0.858824 1 0.286275 0 0 0 0 0 0 0 0 0 0 0 0 0 0 0 0 0 0 0 0 0 0 0 0 0 0 0 0 0 0 0 0 0 0 0 0 0 0 0 0 0 0 0 0 
0.572549 0.572549 0.572549 0.572549 0.572549 0.572549 0.572549 0.572549 0.572549 0.572549 0.572549 0.572549 0.572549 0.713725 0.713725 0.713725 0.713725 0.713725 0.713725 0.713725 0.713725 0.572549 0.572549 0.713725 0.717647 0.717647 0.717647 0.717647 0.717647 0.717647 0.717647 0.717647 0.717647 0.717647 0.858824 0.858824 0.858824 1 1 1 1 1 1 1 1 0.858824 0.858824 0.858824 0.858824 0.858824 0.858824 0.858824 0.858824 0.858824 0.858824 0.286275 0 0 0 0 0 0 0 0 0 0 0 0 0 0 0 0 0 0 0 0 0 0 0 0 0 0 0 0 0 0 0 0 0 0 0 0 0 0 0 0 0 0 0 0 
0.572549 0.572549 0.572549 0.572549 0.572549 0.572549 0.572549 0.572549 0.572549 0.572549 0.572549 0.572549 0.572549 0.572549 0.572549 0.572549 0.572549 0.572549 0.713725 0.713725 0.713725 0.572549 0.572549 0.572549 0.713725 0.717647 0.717647 0.717647 0.717647 0.717647 0.717647 0.717647 0.717647 0.717647 0.858824 0.858824 0.858824 1 1 1 1 1 0.858824 0.858824 1 0.858824 0.858824 0.858824 0.858824 0.858824 0.858824 0.858824 0.858824 0.858824 0.858824 0.145098 0 0 0 0 0 0 0 0 0 0 0 0 0 0 0 0 0 0 0 0 0 0 0 0 0 0 0 0 0 0 0 0 0 0 0 0 0 0 0 0 0 0 0 0 
0.572549 0.431373 0.572549 0.572549 0.572549 0.572549 0.572549 0.572549 0.572549 0.572549 0.572549 0.572549 0.572549 0.572549 0.572549 0.572549 0.572549 0.572549 0.572549 0.572549 0.713725 0.572549 0.572549 0.572549 0.572549 0.713725 0.717647 0.717647 0.717647 0.717647 0.717647 0.717647 0.717647 0.717647 0.858824 0.858824 0.858824 1 1 0.858824 0.858824 1 0.858824 0.858824 0.858824 0.858824 0.858824 0.717647 0.717647 0.717647 0.717647 0.717647 0.717647 0.858824 0.572549 0 0 0 0 0 0 0 0 0 0 0 0 0 0 0 0 0 0 0 0 0 0 0 0 0 0 0 0 0 0 0 0 0 0 0 0 0 0 0 0 0 0 0 0 0 
0.145098 0.431373 0.431373 0.431373 0.431373 0.431373 0.431373 0.572549 0.572549 0.572549 0.572549 0.572549 0.572549 0.572549 0.572549 0.572549 0.572549 0.572549 0.572549 0.572549 0.572549 0.572549 0.572549 0.572549 0.572549 0.572549 0.713725 0.717647 0.717647 0.717647 0.717647 0.717647 0.717647 0.717647 0.717647 0.858824 0.858824 0.858824 0.858824 0.858824 0.858824 0.858824 0.858824 0.858824 0.858824 0.717647 0.713725 0.713725 0.713725 0.713725 0.713725 0.717647 0.717647 0.572549 0.141176 0 0 0 0 0 0 0 0 0 0 0 0 0 0 0 0 0 0 0 0 0 0 0 0 0 0 0 0 0 0 0 0 0 0 0 0 0 0 0 0 0 0 0 0 0 
0 0.145098 0.427451 0.427451 0.431373 0.431373 0.431373 0.431373 0.431373 0.431373 0.431373 0.572549 0.572549 0.572549 0.572549 0.572549 0.572549 0.572549 0.572549 0.572549 0.572549 0.572549 0.572549 0.572549 0.572549 0.572549 0.572549 0.713725 0.717647 0.717647 0.717647 0.717647 0.717647 0.858824 0.858824 0.858824 0.858824 0.858824 0.858824 0.858824 0.858824 0.858824 0.858824 0.858824 0.858824 0.858824 0.572549 0.431373 0.572549 0.572549 0.713725 0.572549 0.145098 0 0 0 0 0 0 0 0 0 0 0 0 0 0 0 0 0 0 0 0 0 0 0 0 0 0 0 0 0 0 0 0 0 0 0 0 0 0 0 0 0 0 0 0 0 0 0 
0 0 0 0.145098 0.286275 0.427451 0.427451 0.427451 0.431373 0.431373 0.431373 0.431373 0.431373 0.431373 0.431373 0.572549 0.572549 0.572549 0.572549 0.572549 0.572549 0.572549 0.572549 0.572549 0.572549 0.572549 0.572549 0.572549 0.572549 0.713725 0.713725 0.713725 0.717647 0.717647 0.717647 0.717647 0.858824 0.858824 0.858824 0.858824 0.858824 0.858824 0.858824 0.858824 0.858824 0.858824 0.858824 0.572549 0.431373 0.286275 0.141176 0 0 0 0 0 0 0 0 0 0 0 0 0 0 0 0 0 0 0 0 0 0 0 0 0 0 0 0 0 0 0 0 0 0 0 0 0 0 0 0 0 0 0 0 0 0 0 0 0 
0 0 0 0 0 0.141176 0.286275 0.427451 0.427451 0.427451 0.427451 0.431373 0.431373 0.431373 0.431373 0.431373 0.431373 0.431373 0.431373 0.431373 0.572549 0.572549 0.572549 0.572549 0.572549 0.572549 0.572549 0.572549 0.572549 0.572549 0.572549 0.713725 0.713725 0.713725 0.713725 0.713725 0.717647 0.858824 0.858824 0.858824 0.858824 0.858824 0.858824 0.858824 0.858824 1 1 1 0.858824 0.427451 0 0 0 0 0 0 0 0 0 0 0 0 0 0 0 0 0 0 0 0 0 0 0 0 0 0 0 0 0 0 0 0 0 0 0 0 0 0 0 0 0 0 0 0 0 0 0 0 0 0 
0 0 0 0 0 0 0 0.141176 0.286275 0.427451 0.427451 0.427451 0.427451 0.427451 0.427451 0.427451 0.431373 0.427451 0.427451 0.431373 0.431373 0.431373 0.431373 0.572549 0.572549 0.572549 0.572549 0.572549 0.572549 0.572549 0.572549 0.572549 0.572549 0.572549 0.713725 0.713725 0.713725 0.713725 0.717647 0.858824 0.858824 0.858824 0.858824 0.858824 0.858824 0.858824 0.858824 0.858824 1 1 0.858824 0.427451 0 0 0 0 0 0 0 0 0 0 0 0 0 0 0 0 0 0 0 0 0 0 0 0 0 0 0 0 0 0 0 0 0 0 0 0 0 0 0 0 0 0 0 0 0 0 0 0 
0 0 0 0 0 0 0 0 0 0 0.145098 0.286275 0.427451 0.427451 0.286275 0.427451 0.427451 0.427451 0.427451 0.427451 0.427451 0.431373 0.431373 0.431373 0.431373 0.431373 0.431373 0.431373 0.431373 0.431373 0.572549 0.572549 0.572549 0.572549 0.572549 0.572549 0.572549 0.713725 0.713725 0.717647 0.717647 0.858824 0.858824 0.858824 0.858824 0.858824 0.858824 0.858824 1 1 1 1 0.858824 0.286275 0 0 0 0 0 0 0 0 0 0 0 0 0 0 0 0 0 0 0 0 0 0 0 0 0 0 0 0 0 0 0 0 0 0 0 0 0 0 0 0 0 0 0 0 0 0 
0 0 0 0 0 0 0 0 0 0 0 0 0.141176 0.286275 0.286275 0.286275 0.286275 0.286275 0.286275 0.286275 0.286275 0.286275 0.427451 0.427451 0.427451 0.427451 0.427451 0.427451 0.427451 0.427451 0.431373 0.431373 0.431373 0.572549 0.572549 0.572549 0.572549 0.572549 0.713725 0.713725 0.717647 0.717647 0.717647 0.858824 0.858824 0.858824 0.858824 0.858824 0.858824 0.858824 0.858824 1 1 1 0.713725 0.145098 0 0 0 0 0 0 0 0 0 0 0 0 0 0 0 0 0 0 0 0 0 0 0 0 0 0 0 0 0 0 0 0 0 0 0 0 0 0 0 0 0 0 0 0 
0 0 0 0 0 0 0 0 0 0 0 0 0 0 0 0.141176 0.145098 0.286275 0.286275 0.286275 0.286275 0.286275 0.286275 0.286275 0.286275 0.286275 0.286275 0.286275 0.286275 0.286275 0.427451 0.431373 0.427451 0.431373 0.431373 0.572549 0.572549 0.572549 0.572549 0.713725 0.713725 0.713725 0.717647 0.717647 0.717647 0.858824 0.858824 0.858824 0.858824 0.858824 0.858824 1 1 0.858824 1 0.858824 0.572549 0.141176 0 0 0 0 0 0 0 0 0 0 0 0 0 0 0 0 0 0 0 0 0 0 0 0 0 0 0 0 0 0 0 0 0 0 0 0 0 0 0 0 0 0 
0 0 0 0 0 0 0 0 0 0 0 0 0 0 0 0 0 0 0 0 0.141176 0.145098 0.145098 0.286275 0.286275 0.286275 0.286275 0.286275 0.427451 0.286275 0.286275 0.286275 0.286275 0.427451 0.427451 0.431373 0.431373 0.431373 0.572549 0.572549 0.572549 0.713725 0.713725 0.713725 0.717647 0.717647 0.717647 0.717647 0.858824 0.717647 0.858824 0.858824 0.858824 0.858824 0.858824 0.858824 1 0.858824 0.427451 0 0 0 0 0 0 0 0 0 0 0 0 0 0 0 0 0 0 0 0 0 0 0 0 0 0 0 0 0 0 0 0 0 0 0 0 0 0 0 0 0 
0 0 0 0 0 0 0 0 0 0 0 0 0 0 0 0 0 0 0 0 0 0 0 0 0 0 0 0.141176 0.141176 0.141176 0 0 0 0 0.145098 0.286275 0.286275 0.427451 0.427451 0.431373 0.572549 0.572549 0.713725 0.713725 0.713725 0.717647 0.717647 0.717647 0.717647 0.717647 0.713725 0.858824 0.858824 0.858824 1 1 1 1 1 0.717647 0.286275 0 0 0 0 0 0 0 0 0 0 0 0 0 0 0 0 0 0 0 0 0 0 0 0 0 0 0 0 0 0 0 0 0 0 0 0 0 0 0 
0 0 0 0 0 0 0 0 0 0 0 0 0 0 0 0 0 0 0 0 0 0 0 0 0 0 0 0 0 0 0 0 0 0 0 0 0 0.141176 0.145098 0.286275 0.427451 0.431373 0.572549 0.572549 0.572549 0.713725 0.713725 0.713725 0.717647 0.713725 0.713725 0.713725 0.717647 0.858824 0.858824 0.858824 0.858824 1 0.858824 1 1 0.713725 0.145098 0 0 0 0 0 0 0 0 0 0 0 0 0 0 0 0 0 0 0 0 0 0 0 0 0 0 0 0 0 0 0 0 0 0 0 0 0 
0 0 0 0 0 0 0 0 0 0 0 0 0 0 0 0 0 0 0 0 0 0 0 0 0 0 0 0 0 0 0 0 0 0 0 0 0 0 0 0 0.141176 0.286275 0.427451 0.431373 0.572549 0.572549 0.572549 0.713725 0.717647 0.713725 0.713725 0.713725 0.717647 0.858824 0.858824 0.858824 0.858824 0.858824 0.858824 0.858824 0.858824 1 0.858824 0.572549 0.141176 0 0 0 0 0 0 0 0 0 0 0 0 0 0 0 0 0 0 0 0 0 0 0 0 0 0 0 0 0 0 0 0 0 0 0 
0 0 0 0 0 0 0 0 0 0 0 0 0 0 0 0 0 0 0 0 0 0 0 0 0 0 0 0 0 0 0 0 0 0 0 0 0 0 0 0 0 0 0.141176 0.286275 0.427451 0.572549 0.572549 0.572549 0.713725 0.713725 0.713725 0.713725 0.713725 0.717647 0.717647 0.717647 0.858824 0.858824 0.858824 0.858824 0.858824 0.858824 0.858824 0.858824 0.858824 0.572549 0.145098 0 0 0 0 0 0 0 0 0 0 0 0 0 0 0 0 0 0 0 0 0 0 0 0 0 0 0 0 0 0 0 0 0 
0 0 0 0 0 0 0 0 0 0 0 0 0 0 0 0 0 0 0 0 0 0 0 0 0 0 0 0 0 0 0 0 0 0 0 0 0 0 0 0 0 0 0 0 0 0.145098 0.286275 0.572549 0.713725 0.713725 0.572549 0.572549 0.713725 0.713725 0.713725 0.717647 0.717647 0.858824 0.858824 0.858824 0.858824 0.858824 0.858824 0.858824 0.858824 0.858824 0.858824 0.572549 0.145098 0 0 0 0 0 0 0 0 0 0 0 0 0 0 0 0 0 0 0 0 0 0 0 0 0 0 0 0 0 0 0 
0 0 0 0 0 0 0 0 0 0 0 0 0 0 0 0 0 0 0 0 0 0 0 0 0 0 0 0 0 0 0 0 0 0 0 0 0 0 0 0 0 0 0 0 0 0 0 0.145098 0.572549 0.713725 0.572549 0.572549 0.572549 0.713725 0.713725 0.713725 0.717647 0.717647 0.717647 0.717647 0.717647 0.717647 0.858824 0.717647 0.717647 0.717647 0.717647 0.717647 0.717647 0.431373 0 0 0 0 0 0 0 0 0 0 0 0 0 0 0 0 0 0 0 0 0 0 0 0 0 0 0 0 0 0 
0 0 0 0 0 0 0 0 0 0 0 0 0 0 0 0 0 0 0 0 0 0 0 0 0 0 0 0 0 0 0 0 0 0 0 0 0 0 0 0 0 0 0 0 0 0 0 0 0 0.286275 0.572549 0.572549 0.572549 0.572549 0.572549 0.572549 0.713725 0.713725 0.717647 0.717647 0.713725 0.717647 0.717647 0.713725 0.713725 0.717647 0.717647 0.858824 0.717647 0.858824 0.427451 0 0 0 0 0 0 0 0 0 0 0 0 0 0 0 0 0 0 0 0 0 0 0 0 0 0 0 0 0 
0 0 0 0 0 0 0 0 0 0 0 0 0 0 0 0 0 0 0 0 0 0 0 0 0 0 0 0 0 0 0 0 0 0 0 0 0 0 0 0 0 0 0 0 0 0 0 0 0 0 0 0.145098 0.286275 0.427451 0.572549 0.572549 0.572549 0.713725 0.713725 0.713725 0.713725 0.713725 0.713725 0.713725 0.713725 0.717647 0.858824 0.858824 0.858824 0.858824 0.713725 0 0 0 0 0 0 0 0 0 0 0 0 0 0 0 0 0 0 0 0 0 0 0 0 0 0 0 0 0 
0 0 0 0 0 0 0 0 0 0 0 0 0 0 0 0 0 0 0 0 0 0 0 0 0 0 0 0 0 0 0 0 0 0 0 0 0 0 0 0 0 0 0 0 0 0 0 0 0 0 0 0 0 0 0.141176 0.286275 0.427451 0.572549 0.713725 0.572549 0.572549 0.713725 0.713725 0.713725 0.713725 0.717647 0.858824 0.858824 0.717647 0.858824 0.713725 0 0 0 0 0 0 0 0 0 0 0 0 0 0 0 0 0 0 0 0 0 0 0 0 0 0 0 0 0 
0 0 0 0 0 0 0 0 0 0 0 0 0 0 0 0 0 0 0 0 0 0 0 0 0 0 0 0 0 0 0 0 0 0 0 0 0 0 0 0 0 0 0 0 0 0 0 0 0 0 0 0 0 0 0 0 0 0.145098 0.427451 0.572549 0.572549 0.572549 0.713725 0.713725 0.572549 0.717647 0.717647 0.717647 0.713725 0.858824 0.431373 0 0 0 0 0 0 0 0 0 0 0 0 0 0 0 0 0 0 0 0 0 0 0 0 0 0 0 0 0 
0 0 0 0 0 0 0 0 0 0 0 0 0 0 0 0 0 0 0 0 0 0 0 0 0 0 0 0 0 0 0 0 0 0 0 0 0 0 0 0 0 0 0 0 0 0 0 0 0 0 0 0 0 0 0 0 0 0 0 0.141176 0.286275 0.572549 0.572549 0.572549 0.572549 0.572549 0.713725 0.713725 0.713725 0.713725 0.145098 0 0 0 0 0 0 0 0 0 0 0 0 0 0 0 0 0 0 0 0 0 0 0 0 0 0 0 0 0 
0 0 0 0 0 0 0 0 0 0 0 0 0 0 0 0 0 0 0 0 0 0 0 0 0 0 0 0 0 0 0 0 0 0 0 0 0 0 0 0 0 0 0 0 0 0 0 0 0 0 0 0 0 0 0 0 0 0 0 0 0 0.141176 0.145098 0.286275 0.431373 0.431373 0.431373 0.572549 0.572549 0.145098 0 0 0 0 0 0 0 0 0 0 0 0 0 0 0 0 0 0 0 0 0 0 0 0 0 0 0 0 0 0 
0 0 0 0 0 0 0 0 0 0 0 0 0 0 0 0 0 0 0 0 0 0 0 0 0 0 0 0 0 0 0 0 0 0 0 0 0 0 0 0 0 0 0 0 0 0 0 0 0 0 0 0 0 0 0 0 0 0 0 0 0 0 0 0 0 0.141176 0.141176 0.141176 0 0 0 0 0 0 0 0 0 0 0 0 0 0 0 0 0 0 0 0 0 0 0 0 0 0 0 0 0 0 0 0 
0 0 0 0 0 0 0 0 0 0 0 0 0 0 0 0 0 0 0 0 0 0 0 0 0 0 0 0 0 0 0 0 0 0 0 0 0 0 0 0 0 0 0 0 0 0 0 0 0 0 0 0 0 0 0 0 0 0 0 0 0 0 0 0 0 0 0 0 0 0 0 0 0 0 0 0 0 0 0 0 0 0 0 0 0 0 0 0 0 0 0 0 0 0 0 0 0 0 0 0 
0 0 0 0 0 0 0 0 0 0 0 0 0 0 0 0 0 0 0 0 0 0 0 0 0 0 0 0 0 0 0 0 0 0 0 0 0 0 0 0 0 0 0 0 0 0 0 0 0 0 0 0 0 0 0 0 0 0 0 0 0 0 0 0 0 0 0 0 0 0 0 0 0 0 0 0 0 0 0 0 0 0 0 0 0 0 0 0 0 0 0 0 0 0 0 0 0 0 0 0 
0 0 0 0 0 0 0 0 0 0 0 0 0 0 0 0 0 0 0 0 0 0 0 0 0 0 0 0 0 0 0 0 0 0 0 0 0 0 0 0 0 0 0 0 0 0 0 0 0 0 0 0 0 0 0 0 0 0 0 0 0 0 0 0 0 0 0 0 0 0 0 0 0 0 0 0 0 0 0 0 0 0 0 0 0 0 0 0 0 0 0 0 0 0 0 0 0 0 0 0 
0 0 0 0 0 0 0 0 0 0 0 0 0 0 0 0 0 0 0 0 0 0 0 0 0 0 0 0 0 0 0 0 0 0 0 0 0 0 0 0 0 0 0 0 0 0 0 0 0 0 0 0 0 0 0 0 0 0 0 0 0 0 0 0 0 0 0 0 0 0 0 0 0 0 0 0 0 0 0 0 0 0 0 0 0 0 0 0 0 0 0 0 0 0 0 0 0 0 0 0 
0 0 0 0 0 0 0 0 0 0 0 0 0 0 0 0 0 0 0 0 0 0 0 0 0 0 0 0 0 0 0 0 0 0 0 0 0 0 0 0 0 0 0 0 0 0 0 0 0 0 0 0 0 0 0 0 0 0 0 0 0 0 0 0 0 0 0 0 0 0 0 0 0 0 0 0 0 0 0 0 0 0 0 0 0 0 0 0 0 0 0 0 0 0 0 0 0 0 0 0 
0 0 0 0 0 0 0 0 0 0 0 0 0 0 0 0 0 0 0 0 0 0 0 0 0 0 0 0 0 0 0 0 0 0 0 0 0 0 0 0 0 0 0 0 0 0 0 0 0 0 0 0 0 0 0 0 0 0 0 0 0 0 0 0 0 0 0 0 0 0 0 0 0 0 0 0 0 0 0 0 0 0 0 0 0 0 0 0 0 0 0 0 0 0 0 0 0 0 0 0 
0 0 0 0 0 0 0 0 0 0 0 0 0 0 0 0 0 0 0 0 0 0 0 0 0 0 0 0 0 0 0 0 0 0 0 0 0 0 0 0 0 0 0 0 0 0 0 0 0 0 0 0 0 0 0 0 0 0 0 0 0 0 0 0 0 0 0 0 0 0 0 0 0 0 0 0 0 0 0 0 0 0 0 0 0 0 0 0 0 0 0 0 0 0 0 0 0 0 0 0 
0 0 0 0 0 0 0 0 0 0 0 0 0 0 0 0 0 0 0 0 0 0 0 0 0 0 0 0 0 0 0 0 0 0 0 0 0 0 0 0 0 0 0 0 0 0 0 0 0 0 0 0 0 0 0 0 0 0 0 0 0 0 0 0 0 0 0 0 0 0 0 0 0 0 0 0 0 0 0 0 0 0 0 0 0 0 0 0 0 0 0 0 0 0 0 0 0 0 0 0 
0 0 0 0 0 0 0 0 0 0 0 0 0 0 0 0 0 0 0 0 0 0 0 0 0 0 0 0 0 0 0 0 0 0 0 0 0 0 0 0 0 0 0 0 0 0 0 0 0 0 0 0 0 0 0 0 0 0 0 0 0 0 0 0 0 0 0 0 0 0 0 0 0 0 0 0 0 0 0 0 0 0 0 0 0 0 0 0 0 0 0 0 0 0 0 0 0 0 0 0 
0 0 0 0 0 0 0 0 0 0 0 0 0 0 0 0 0 0 0 0 0 0 0 0 0 0 0 0 0 0 0 0 0 0 0 0 0 0 0 0 0 0 0 0 0 0 0 0 0 0 0 0 0 0 0 0 0 0 0 0 0 0 0 0 0 0 0 0 0 0 0 0 0 0 0 0 0 0 0 0 0 0 0 0 0 0 0 0 0 0 0 0 0 0 0 0 0 0 0 0 
0 0 0 0 0 0 0 0 0 0 0 0 0 0 0 0 0 0 0 0 0 0 0 0 0 0 0 0 0 0 0 0 0 0 0 0 0 0 0 0 0 0 0 0 0 0 0 0 0 0 0 0 0 0 0 0 0 0 0 0 0 0 0 0 0 0 0 0 0 0 0 0 0 0 0 0 0 0 0 0 0 0 0 0 0 0 0 0 0 0 0 0 0 0 0 0 0 0 0 0 
0 0 0 0 0 0 0 0 0 0 0 0 0 0 0 0 0 0 0 0 0 0 0 0 0 0 0 0 0 0 0 0 0 0 0 0 0 0 0 0 0 0 0 0 0 0 0 0 0 0 0 0 0 0 0 0 0 0 0 0 0 0 0 0 0 0 0 0 0 0 0 0 0 0 0 0 0 0 0 0 0 0 0 0 0 0 0 0 0 0 0 0 0 0 0 0 0 0 0 0 
0 0 0 0 0 0 0 0 0 0 0 0 0 0 0 0 0 0 0 0 0 0 0 0 0 0 0 0 0 0 0 0 0 0 0 0 0 0 0 0 0 0 0 0 0 0 0 0 0 0 0 0 0 0 0 0 0 0 0 0 0 0 0 0 0 0 0 0 0 0 0 0 0 0 0 0 0 0 0 0 0 0 0 0 0 0 0 0 0 0 0 0 0 0 0 0 0 0 0 0 
0 0 0 0 0 0 0 0 0 0 0 0 0 0 0 0 0 0 0 0 0 0 0 0 0 0 0 0 0 0 0 0 0 0 0 0 0 0 0 0 0 0 0 0 0 0 0 0 0 0 0 0 0 0 0 0 0 0 0 0 0 0 0 0 0 0 0 0 0 0 0 0 0 0 0 0 0 0 0 0 0 0 0 0 0 0 0 0 0 0 0 0 0 0 0 0 0 0 0 0 
0 0 0 0 0 0 0 0 0 0 0 0 0 0 0 0 0 0 0 0 0 0 0 0 0 0 0 0 0 0 0 0 0 0 0 0 0 0 0 0 0 0 0 0 0 0 0 0 0 0 0 0 0 0 0 0 0 0 0 0 0 0 0 0 0 0 0 0 0 0 0 0 0 0 0 0 0 0 0 0 0 0 0 0 0 0 0 0 0 0 0 0 0 0 0 0 0 0 0 0 
0 0 0 0 0 0 0 0 0 0 0 0 0 0 0 0 0 0 0 0 0 0 0 0 0 0 0 0 0 0 0 0 0 0 0 0 0 0 0 0 0 0 0 0 0 0 0 0 0 0 0 0 0 0 0 0 0 0 0 0 0 0 0 0 0 0 0 0 0 0 0 0 0 0 0 0 0 0 0 0 0 0 0 0 0 0 0 0 0 0 0 0 0 0 0 0 0 0 0 0 
0 0 0 0 0 0 0 0 0 0 0 0 0 0 0 0 0 0 0 0 0 0 0 0 0 0 0 0 0 0 0 0 0 0 0 0 0 0 0 0 0 0 0 0 0 0 0 0 0 0 0 0 0 0 0 0 0 0 0 0 0 0 0 0 0 0 0 0 0 0 0 0 0 0 0 0 0 0 0 0 0 0 0 0 0 0 0 0 0 0 0 0 0 0 0 0 0 0 0 0 
0 0 0 0 0 0 0 0 0 0 0 0 0 0 0 0 0 0 0 0 0 0 0 0 0 0 0 0 0 0 0 0 0 0 0 0 0 0 0 0 0 0 0 0 0 0 0 0 0 0 0 0 0 0 0 0 0 0 0 0 0 0 0 0 0 0 0 0 0 0 0 0 0 0 0 0 0 0 0 0 0 0 0 0 0 0 0 0 0 0 0 0 0 0 0 0 0 0 0 0 
0 0 0 0 0 0 0 0 0 0 0 0 0 0 0 0 0 0 0 0 0 0 0 0 0 0 0 0 0 0 0 0 0 0 0 0 0 0 0 0 0 0 0 0 0 0 0 0 0 0 0 0 0 0 0 0 0 0 0 0 0 0 0 0 0 0 0 0 0 0 0 0 0 0 0 0 0 0 0 0 0 0 0 0 0 0 0 0 0 0 0 0 0 0 0 0 0 0 0 0 
0 0 0 0 0 0 0 0 0 0 0 0 0 0 0 0 0 0 0 0 0 0 0 0 0 0 0 0 0 0 0 0 0 0 0 0 0 0 0 0 0 0 0 0 0 0 0 0 0 0 0 0 0 0 0 0 0 0 0 0 0 0 0 0 0 0 0 0 0 0 0 0 0 0 0 0 0 0 0 0 0 0 0 0 0 0 0 0 0 0 0 0 0 0 0 0 0 0 0 0 
