Training
Randomized
Info

# Layers: 4
10000 - 1000 - 100 - 5
Weight Range: -0.02 - 0.02

Lambda: 2.1
# Test Cases: 25
Error Threshold: 0.003
Nmax: 10000
Save Interval: 1440000

Output File: output_trainHands.txt
Output Weight File: weights_trainHands.txt


1_1.txt
1.0 0.0 0.0 0.0 0.0

1_2.txt
0.0 1.0 0.0 0.0 0.0

1_3.txt
0.0 0.0 1.0 0.0 0.0

1_4.txt
0.0 0.0 0.0 1.0 0.0

1_5.txt
0.0 0.0 0.0 0.0 1.0


2_1.txt
1.0 0.0 0.0 0.0 0.0

2_2.txt
0.0 1.0 0.0 0.0 0.0

2_3.txt
0.0 0.0 1.0 0.0 0.0

2_4.txt
0.0 0.0 0.0 1.0 0.0

2_5.txt
0.0 0.0 0.0 0.0 1.0


3_1.txt
1.0 0.0 0.0 0.0 0.0

3_2.txt
0.0 1.0 0.0 0.0 0.0

3_3.txt
0.0 0.0 1.0 0.0 0.0

3_4.txt
0.0 0.0 0.0 1.0 0.0

3_5.txt
0.0 0.0 0.0 0.0 1.0

4_1.txt
1.0 0.0 0.0 0.0 0.0

4_2.txt
0.0 1.0 0.0 0.0 0.0

4_3.txt
0.0 0.0 1.0 0.0 0.0

4_4.txt
0.0 0.0 0.0 1.0 0.0

4_5.txt
0.0 0.0 0.0 0.0 1.0

5_1.txt
1.0 0.0 0.0 0.0 0.0

5_2.txt
0.0 1.0 0.0 0.0 0.0

5_3.txt
0.0 0.0 1.0 0.0 0.0

5_4.txt
0.0 0.0 0.0 1.0 0.0

5_5.txt
0.0 0.0 0.0 0.0 1.0